13
Shmython
-1
-1
-1
2
5/2/2017
0
50000
11
Shmython
-1
-1
-1
2
5/2/2017
0
50000
10
Shmython
-1
-1
-1
2
5/2/2017
0
50000
8
Shmython
-1
-1
-1
2
5/2/2017
0
50000
4
Shmython
-1
-1
-1
2
5/2/2017
0
50000
3
Shmython
-1
-1
-1
2
5/2/2017
0
50000
2
CodeViewGen
-1
-1
-1
7
15/2/2017
0
150000
1
Shmython
-1
-1
-1
2
5/2/2017
0
50000
6
Shmython
-1
-1
-1
2
5/2/2017
0
50000
1000
Test
-1
-1
-1
1
2/10/2020
0
150000
1000
Test
-1
-1
-1
1
2/10/2020
0
150000
1000
Test
-1
-1
-1
1
2/10/2020
0
150000
1002
Shmython
-1
-1
-1
2
5/2/2017
0
50000