4
User
1
1
1
EN
1000
0
-1
12.01.2017
3
User
1
1
1
EN
1000
0
-1
12.01.2017
2
User
1
1
1
EN
1000
0
-1
12.01.2017
3
User
1
1
1
EN
1000
0
-1
12.01.2017
4
User
1
1
1
EN
1000
0
-1
12.01.2017
4
User
1
1
1
EN
1000
0
-1
12.01.2017
3
User
1
1
1
EN
1000
0
-1
12.01.2017
3
User
1
1
1
EN
1000
0
-1
12.01.2017
4
User
1
1
1
EN
1000
0
-1
12.01.2017
-842150451


123456789
-842150451
1
 2
5
-842150451
12570
1
1483533102


305327223
-842150451
2
 1
1
-842150451
10500
0
1483533102
=======
4
-842150451
1
1
1
-842150451
1000
0
-1
12.01.2017
3
-842150451
1
1
1
-842150451
1000
0
-1
12.01.2017
-842150451
2
-842150451
1
1
1
EN
1000
0
-1
12
3
-842150451
1
1
1
EN
1000
0
-1
12
4
-842150451
1
1
1
EN
1000
0
-1
12
-842150451
-842150451
ออออออออออออออออออออออออออออออออออออออออออออออออออออออออออออออออออออออออออออออออออออออออออออออออออออออออออออออออออออออออออออออออออออออออออออออออออออออออออออออออออออออออออออออออออออออออออออออออออออออออออออออออออออออออออออออออออออออออออออออออออออออออออออออออออออออออออออออออออออออออออออออออออออออออออออออออออออออออออออออออออออออออออออออออออออออออออออออออออออออออออออออออออออออออออออออออออออออออออออออออออออออออออออออออออออออออออออออออออออออออออออออออออออออออออออออออออออออออออออออออออออออออออออออออออออออออออออออออออออออออออออ
-842150451
-842150451
ออออออออออออออออออออออออออออออออออออออออออออออออออออออออออออออออออออออออออออออออออออออออออออออออออออออออออออออออออออออออออออออออออออออออออออออออออออออออออออออออออออออออออออออออออออออออออออออออออออออออออออออออออออออออออออออออออออออออออออออออออออออออออออออออออออออออออออออออออออออออออออออออออออออออออออออออออออออออออออออออออออออออออออออออออออออออออออออออออออออออออออออออออออออออออออออออออออออออออออออออออออออออออออออออออออออออออออออออออออออออออออออออออออออออออออออออออออออออออออออออออออออออออออออออออออออออออออออออ
ออออออออออออออออออออออออออออออออออออออออออออออออออออออออออออออออออออออออออออออออออออออออออออออออออออออออออออออออออออออออออออออออออออออออออออออออออออออออออออออออออออออออออออออออออออออออออออออออออออออออออออออออออออออออออออออออออออออออออออออออออออออออออออออออ
4
User
1
1
1
EN
1000
0
-1
12.01.2017
3
User
1
1
1
EN
1000
0
-1
12.01.2017
2
User
1
1
1
EN
1000
0
-1
12.01.2017
3
User
1
1
1
EN
1000
0
-1
12.01.2017
4
User
1
1
1
EN
1000
0
-1
12.01.2017
4
User
1
1
1
EN
1000
0
-1
12.01.2017
3
User
1
1
1
EN
1000
0
-1
12.01.2017
2
User
1
1
1
EN
1000
0
-1
12.01.2017